678.672 678.672 1 10
697.174 348.587 2 10
695.802 231.934 3 10
687.74 171.935 4 10
688.521 137.704 5 10
681.102 113.517 6 10
669.59 95.6557 7 10
662.284 82.7855 8 10
651.097 72.3441 9 10
656.64 65.664 10 10
641.81 58.3464 11 10
645.947 53.8289 12 10
639.491 49.1916 13 10
634.466 45.319 14 10
628.495 41.8997 15 10
626.78 39.1738 16 10
616.152 36.2443 17 10
619.716 34.4287 18 10
625.232 32.907 19 10
606.236 30.3118 20 10
606.826 28.8965 21 10
618.239 28.1018 22 10
607.76 26.4243 23 10
612.855 25.5356 24 10
608.404 24.3361 25 10
598.962 23.037 26 10
605.994 22.4442 27 10
586.983 20.9637 28 10
0 0 29 10
621.121 20.704 30 10
0 0 31 10
0 0 32 10
0 0 33 10
0 0 34 10
628.833 17.9666 35 10
0 0 36 10
607.023 16.406 37 10
0 0 38 10
592.15 15.1833 39 10
580.418 14.5104 40 10
611.32 14.9102 41 10
0 0 42 10
594.577 13.8274 43 10
0 0 44 10
0 0 45 10
0 0 46 10
0 0 47 10
0 0 48 10
0 0 49 10
0 0 50 10
