18.2044 0.910222 20 2
36.4089 1.82044 20 4
58.9343 2.94671 20 6
77.3689 3.86844 20 8
95.5733 4.77867 20 10
117.758 5.88789 20 12
136.533 6.82667 20 14
154.738 7.73689 20 16
239.164 11.9582 20 18
195.698 9.78489 20 20
304.014 15.2007 20 22
235.736 11.7868 20 24
436.647 21.8323 20 26
273.067 13.6533 20 28
559.971 27.9986 20 30
421.956 21.0978 20 32
515.186 25.7593 20 34
544.004 27.2002 20 36
567.278 28.3639 20 38
552.463 27.6231 20 40
591.203 29.5602 20 42
571.562 28.5781 20 44
587.12 29.356 20 46
584.901 29.2451 20 48
587.472 29.3736 20 50


