678.672 678.672 1 10
699.75 349.875 2 10
703.811 234.604 3 10
686.399 171.6 4 10
673.267 134.653 5 10
681.778 113.63 6 10
662.279 94.6113 7 10
660.693 82.5867 8 10
651.135 72.3484 9 10
649.353 64.9353 10 10
647.34 58.8491 11 10
644.225 53.6854 12 10
633.015 48.6935 13 10
628.04 44.86 14 10
625.263 41.6842 15 10
615.667 38.4792 16 10
634.088 37.2993 17 10
624.144 34.6747 18 10
614.695 32.3524 19 10
603.656 30.1828 20 10
613.426 29.2108 21 10
604.185 27.463 22 10
595.38 25.8861 23 10
603.803 25.1584 24 10
602.013 24.0805 25 10
611.465 23.5179 26 10
595.6 22.0593 27 10
598.073 21.3597 28 10
0 0 29 10
619.445 20.6482 30 10
0 0 31 10
0 0 32 10
0 0 33 10
0 0 34 10
582.003 16.6287 35 10
0 0 36 10
588.004 15.892 37 10
0 0 38 10
577.514 14.808 39 10
571.622 14.2906 40 10
601.742 14.6766 41 10
0 0 42 10
600.944 13.9754 43 10
0 0 44 10
0 0 45 10
0 0 46 10
0 0 47 10
0 0 48 10
0 0 49 10
0 0 50 10
